$GNGGA,053929.000,3016.71670,N,11959.30658,E,1,12,0.74,88.4,M,6.8,M,,*72
$GPGSA,A,3,193,15,13,05,24,194,21,29,02,195,20,30,1.04,0.74,0.74,1*2E
$BDGSA,A,3,,,,,,,,,,,,,1.04,0.74,0.74,4*0E
$GPGSV,3,1,12,193,71,52,32,15,70,304,24,13,52,32,38,5,38,77,25*47
$GPGSV,3,2,12,24,37,174,23,194,36,138,27,21,35,314,21,29,26,234,17*40
$GPGSV,3,3,12,2,18,149,21,195,16,174,21,20,11,299,20,30,5,38,29*71
$BDGSV,2,1,05,3,53,193,,1,38,129,,4,36,124,,2,35,240,*64
$BDGSV,2,2,05,5,10,261,*6C
$GNRMC,053929.000,A,3016.71670,N,11959.30658,E,0.000,50.63,021118,,,A*71
$GNZDA,053929.000,02,11,2018,,*45
$GPTIZ,E,8.0*33